if game:GetService("RunService"):IsClient() then error("Script must be server-side in order to work; use h/ and not hl/") end
local Player,game,owner = owner,game
local RealPlayer = Player
do
    print("this shit was made by spyrmam")
    local rp = RealPlayer
    script.Parent = rp.Character

    --RemoteEvent for communicating
    local Event = Instance.new("RemoteEvent")
    Event.Name = "UserInput_Event"

    --Fake event to make stuff like Mouse.KeyDown work
    local function fakeEvent()
        local t = {_fakeEvent=true,Functions={},Connect=function(self,f)table.insert(self.Functions,f) end}
        t.connect = t.Connect
        return t
    end

    --Creating fake input objects with fake variables
    local m = {Target=nil,Hit=CFrame.new(),KeyUp=fakeEvent(),KeyDown=fakeEvent(),Button1Up=fakeEvent(),Button1Down=fakeEvent()}
    local UIS = {InputBegan=fakeEvent(),InputEnded=fakeEvent()}
    local CAS = {Actions={},BindAction=function(self,name,fun,touch,...)
        CAS.Actions[name] = fun and {Name=name,Function=fun,Keys={...}} or nil
    end}
    --Merged 2 functions into one by checking amount of arguments
    CAS.UnbindAction = CAS.BindAction

    --This function will trigger the events that have been :Connect()'ed
    local function te(self,ev,...)
        local t = m[ev]
        if t and t._fakeEvent then
            for _,f in pairs(t.Functions) do
                f(...)
            end
        end
    end
    m.TrigEvent = te
    UIS.TrigEvent = te

    Event.OnServerEvent:Connect(function(plr,io)
        if plr~=rp then return end
        m.Target = io.Target
        m.Hit = io.Hit
        if not io.isMouse then
            local b = io.UserInputState == Enum.UserInputState.Begin
            if io.UserInputType == Enum.UserInputType.MouseButton1 then
                return m:TrigEvent(b and "Button1Down" or "Button1Up")
            end
            for _,t in pairs(CAS.Actions) do
                for _,k in pairs(t.Keys) do
                    if k==io.KeyCode then
                        t.Function(t.Name,io.UserInputState,io)
                    end
                end
            end
            m:TrigEvent(b and "KeyDown" or "KeyUp",io.KeyCode.Name:lower())
            UIS:TrigEvent(b and "InputBegan" or "InputEnded",io,false)
        end
    end)
    Event.Parent = NLS([==[
    local Player = game:GetService("Players").LocalPlayer
    local Event = script:WaitForChild("UserInput_Event")

    local Mouse = Player:GetMouse()
    local UIS = game:GetService("UserInputService")
    local input = function(io,a)
        if a then return end
        --Since InputObject is a client-side instance, we create and pass table instead
        Event:FireServer({KeyCode=io.KeyCode,UserInputType=io.UserInputType,UserInputState=io.UserInputState,Hit=Mouse.Hit,Target=Mouse.Target})
    end
    UIS.InputBegan:Connect(input)
    UIS.InputEnded:Connect(input)

    local h,t
    --Give the server mouse data 30 times every second, but only if the values changed
    --If player is not moving their mouse, client won't fire events
    while wait(1/30) do
        if h~=Mouse.Hit or t~=Mouse.Target then
            h,t=Mouse.Hit,Mouse.Target
            Event:FireServer({isMouse=true,Target=t,Hit=h})
        end
    end]==],Player.Character)

    ----Sandboxed game object that allows the usage of client-side methods and services
    --Real game object
    local _rg = game

    --Metatable for fake service
    local fsmt = {
        __index = function(self,k)
            local s = rawget(self,"_RealService")
            if s then return s[k] end
        end,
        __newindex = function(self,k,v)
            local s = rawget(self,"_RealService")
            if s then s[k]=v end
        end,
        __call = function(self,...)
            local s = rawget(self,"_RealService")
            if s then return s(...) end
        end
    }
    local function FakeService(t,RealService)
        t._RealService = typeof(RealService)=="string" and _rg:GetService(RealService) or RealService
        return setmetatable(t,fsmt)
    end

    --Fake game object
    local g = {
        GetService = function(self,s)
            return self[s]
        end,
        Players = FakeService({
            LocalPlayer = FakeService({GetMouse=function(self)return m end},Player)
        },"Players"),
        UserInputService = FakeService(UIS,"UserInputService"),
        ContextActionService = FakeService(CAS,"ContextActionService"),
    }
    rawset(g.Players,"localPlayer",g.Players.LocalPlayer)
    g.service = g.GetService

    g.RunService = FakeService({
        RenderStepped = _rg:GetService("RunService").Heartbeat,
        BindToRenderStep = function(self,name,_,fun)
            self._btrs[name] = self.Heartbeat:Connect(fun)
        end,
        UnbindFromRenderStep = function(self,name)
            self._btrs[name]:Disconnect()
        end,
    },"RunService")

    setmetatable(g,{
        __index=function(self,s)
            return _rg:GetService(s) or typeof(_rg[s])=="function"
            and function(_,...)return _rg[s](_rg,...)end or _rg[s]
        end,
        __newindex = fsmt.__newindex,
        __call = fsmt.__call
    })
    --Changing owner to fake player object to support owner:GetMouse()
    game,owner = g,g.Players.LocalPlayer
end

--[[ By Theamazingnater
Original edit by CKbackup, aka Sugarie
Quote of the day: “Don't cry because it's over, smile because it happened.” - Dr. Seuss
Enjoy!
--]]
wait(1/60)
local printmessage = [[
By Theamazingnater
Original edit by CKbackup, please don't sue me if you are CKbackup.
Enjoy this edit.
]]
print(printmessage)
Effects = { }
local Player = game:service'Players'.localPlayer
local chara = Player.Character
local Humanoid = chara:FindFirstChildOfClass("Humanoid")
local Mouse = Player:GetMouse()
local LeftArm = chara["Left Arm"]
local RightArm = chara["Right Arm"]
local LeftLeg = chara["Left Leg"]
local RightLeg = chara["Right Leg"]
local Head = chara.Head
local Torso = chara.Torso
local Camera = game.Workspace.CurrentCamera
local RootPart = chara.HumanoidRootPart
local RootJoint = RootPart.RootJoint
local attack = false
local Anim = 'Idle'
local attacktype = 1
local delays = false
local play = true
local targetted = nil
local Torsovelocity = (RootPart.Velocity * Vector3.new(1, 0, 1)).magnitude 
local velocity = RootPart.Velocity.y
local sine = 0
local change = 1
local doe = 0
local Create = LoadLibrary("RbxUtility").Create
Humanoid.WalkSpeed = 8
local m = Create("Model"){
	Parent = chara,
	Name = "ThePistol",
}

---

Humanoid.Animator.Parent = nil
chara.Animate.Parent = nil

local newMotor = function(part0, part1, c0, c1)
	local w = Create('Motor'){
		Parent = part0,
		Part0 = part0,
		Part1 = part1,
		C0 = c0,
		C1 = c1,
	}
	return w
end

function clerp(a, b, t)
	return a:lerp(b, t)
end

RootCF = CFrame.fromEulerAnglesXYZ(-1.57, 0, 3.14)
NeckCF = CFrame.new(0, 1, 0, -1, -0, -0, 0, 0, 1, 0, 1, 0)

local RW = newMotor(Torso, RightArm, CFrame.new(1.5, 0, 0), CFrame.new(0, 0, 0)) 
local LW = newMotor(Torso, LeftArm, CFrame.new(-1.5, 0, 0), CFrame.new(0, 0, 0))
local RH = newMotor(Torso, RightLeg, CFrame.new(.5, -2, 0), CFrame.new(0, 0, 0))
local LH = newMotor(Torso, LeftLeg, CFrame.new(-.5, -2, 0), CFrame.new(0, 0, 0))
RootJoint.C1 = CFrame.new(0, 0, 0)
RootJoint.C0 = CFrame.new(0, 0, 0)
Torso.Neck.C1 = CFrame.new(0, 0, 0)
Torso.Neck.C0 = CFrame.new(0, 1.5, 0)

local rarmc1 = RW.C1
local larmc1 = LW.C1
local rlegc1 = RH.C1
local llegc1 = LH.C1

local resetc1 = false

function PlayAnimationFromTable(table, speed, bool)
	RootJoint.C0 = clerp(RootJoint.C0, table[1], speed) 
	Torso.Neck.C0 = clerp(Torso.Neck.C0, table[2], speed) 
	RW.C0 = clerp(RW.C0, table[3], speed) 
	LW.C0 = clerp(LW.C0, table[4], speed) 
	RH.C0 = clerp(RH.C0, table[5], speed) 
	LH.C0 = clerp(LH.C0, table[6], speed) 
	if bool == true then
		if resetc1 == false then
			resetc1 = true
			RootJoint.C1 = RootJoint.C1
			Torso.Neck.C1 = Torso.Neck.C1
			RW.C1 = rarmc1
			LW.C1 = larmc1
			RH.C1 = rlegc1
			LH.C1 = llegc1
		end
	end
end

ArtificialHB = Instance.new("BindableEvent", script)
ArtificialHB.Name = "Heartbeat"
script:WaitForChild("Heartbeat")
frame = 0.03333333333333
tf = 0
allowframeloss = false
tossremainder = false
lastframe = tick()
script.Heartbeat:Fire()
game:GetService("RunService").Heartbeat:connect(function(s, p)
  tf = tf + s
  if tf >= frame then
    if allowframeloss then
      script.Heartbeat:Fire()
      lastframe = tick()
    else
      for i = 1, math.floor(tf / frame) do
        script.Heartbeat:Fire()
      end
      lastframe = tick()
    end
    if tossremainder then
      tf = 0
    else
      tf = tf - frame * math.floor(tf / frame)
    end
  end
end)
function swait(num)
  if num == 0 or num == nil then
    ArtificialHB.Event:wait()
  else
    for i = 0, num do
      ArtificialHB.Event:wait()
    end
  end
end

function RemoveOutlines(part)
	part.TopSurface, part.BottomSurface, part.LeftSurface, part.RightSurface, part.FrontSurface, part.BackSurface = 10, 10, 10, 10, 10, 10
end
	
---
CFuncs = {	
	["Part"] = {
		Create = function(Parent, Material, Reflectance, Transparency, BColor, Name, Size)
			local Part = Create("Part"){
				Parent = Parent,
				Reflectance = Reflectance,
				Transparency = Transparency,
				CanCollide = false,
				Locked = true,
				BrickColor = BrickColor.new(tostring(BColor)),
				Name = Name,
				Size = Size,
				Material = Material,
			}
			RemoveOutlines(Part)
			return Part
		end;
	};
	
	["Mesh"] = {
		Create = function(Mesh, Part, MeshType, MeshId, OffSet, Scale)
			local Msh = Create(Mesh){
				Parent = Part,
				Offset = OffSet,
				Scale = Scale,
			}
			if Mesh == "SpecialMesh" then
				Msh.MeshType = MeshType
				Msh.MeshId = MeshId
			end
			return Msh
		end;
	};
	
	["Mesh"] = {
		Create = function(Mesh, Part, MeshType, MeshId, OffSet, Scale)
			local Msh = Create(Mesh){
				Parent = Part,
				Offset = OffSet,
				Scale = Scale,
			}
			if Mesh == "SpecialMesh" then
				Msh.MeshType = MeshType
				Msh.MeshId = MeshId
			end
			return Msh
		end;
	};
	
	["Weld"] = {
		Create = function(Parent, Part0, Part1, C0, C1)
			local Weld = Create("Weld"){
				Parent = Parent,
				Part0 = Part0,
				Part1 = Part1,
				C0 = C0,
				C1 = C1,
			}
			return Weld
		end;
	};

	["Sound"] = {
		Create = function(id, par, vol, pit) 
			coroutine.resume(coroutine.create(function()
				local S = Create("Sound"){
					Volume = vol,
					Pitch = pit or 1,
					SoundId = id,
					Parent = par or workspace,
				}
				swait() 
				S:play() 
				game:GetService("Debris"):AddItem(S, 6)
			end))
		end;
	};
	
	["ParticleEmitter"] = {
		Create = function(Parent, Color1, Color2, LightEmission, Size, Texture, Transparency, ZOffset, Accel, Drag, LockedToPart, VelocityInheritance, EmissionDirection, Enabled, LifeTime, Rate, Rotation, RotSpeed, Speed, VelocitySpread)
			local fp = Create("ParticleEmitter"){
				Parent = Parent,
				Color = ColorSequence.new(Color1, Color2),
				LightEmission = LightEmission,
				Size = Size,
				Texture = Texture,
				Transparency = Transparency,
				ZOffset = ZOffset,
				Acceleration = Accel,
				Drag = Drag,
				LockedToPart = LockedToPart,
				VelocityInheritance = VelocityInheritance,
				EmissionDirection = EmissionDirection,
				Enabled = Enabled,
				Lifetime = LifeTime,
				Rate = Rate,
				Rotation = Rotation,
				RotSpeed = RotSpeed,
				Speed = Speed,
				VelocitySpread = VelocitySpread,
			}
			return fp
		end;
	};

	CreateTemplate = {
	
	};
}



New = function(Object, Parent, Name, Data)
	local Object = Instance.new(Object)
	for Index, Value in pairs(Data or {}) do
		Object[Index] = Value
	end
	Object.Parent = Parent
	Object.Name = Name
	return Object
end
	

ShadowHead = New("Part",chara,"ShadowHeadss",{CanCollide = false,BrickColor = BrickColor.new("Really black"),Size = Vector3.new(1.20000005, 0.600000024, 1),CFrame = CFrame.new(68.5999985, 0.700013041, 9.89999962, 1, 0, 0, 0, 1, 0, 0, 0, 1),Color = Color3.new(0.0666667, 0.0666667, 0.0666667),})
Mesh = New("SpecialMesh",ShadowHead,"Mesh",{Scale = Vector3.new(1.25999999, 1.5, 1.25999999),})
Weld = New("Weld",ShadowHead,"mot",{Part0 = ShadowHead,Part1 = chara.Head,C1 = CFrame.new(0, 0.200000048, 0, 1, 0, 0, 0, 1, 0, 0, 0, 1),})

Handle = New("Part",m,"Handle",{Material = Enum.Material.SmoothPlastic,Transparency = 1,Transparency = 1,Size = Vector3.new(1.78105354, 1.21267569, 0.446083069),CFrame = CFrame.new(3.48884702, 1.89424598, -23.6011944, 0.0172098875, -7.30156898e-07, 0.999851942, 0.999853492, 1.19907781e-08, -0.0172098596, -1.80598714e-09, 1.00000083, 1.4975667e-06),CanCollide = false,BackSurface = Enum.SurfaceType.SmoothNoOutlines,BottomSurface = Enum.SurfaceType.SmoothNoOutlines,FrontSurface = Enum.SurfaceType.SmoothNoOutlines,LeftSurface = Enum.SurfaceType.SmoothNoOutlines,RightSurface = Enum.SurfaceType.SmoothNoOutlines,TopSurface = Enum.SurfaceType.SmoothNoOutlines,})
---
moter = New("Weld",Handle,"mot",{Part0 = RightArm,Part1 = Handle,})
Part = New("Part",m,"Part",{Material = Enum.Material.SmoothPlastic,BrickColor = BrickColor.new("Really black"),Size = Vector3.new(0.200000003, 0.200000003, 0.200000003),CFrame = CFrame.new(3.46324158, 2.55061626, -23.0996056, 0.0172099378, 1.26508749e-05, 0.999852061, 0.999856234, 0.000737910799, -0.0172098614, -0.000738026109, 1.00000215, 2.29468287e-06),CanCollide = false,BackSurface = Enum.SurfaceType.SmoothNoOutlines,BottomSurface = Enum.SurfaceType.SmoothNoOutlines,FrontSurface = Enum.SurfaceType.SmoothNoOutlines,LeftSurface = Enum.SurfaceType.SmoothNoOutlines,RightSurface = Enum.SurfaceType.SmoothNoOutlines,TopSurface = Enum.SurfaceType.SmoothNoOutlines,})
Mesh = New("BlockMesh",Part,"Mesh",{Scale = Vector3.new(0.492160469, 0.24608025, 0.123040132),})
mot = New("Weld",Part,"mot",{Part0 = Part,Part1 = Handle,C0 = CFrame.new(0, 0, 0, 0.0172098838, 0.999853015, -0.000738022442, 1.18836761e-05, 0.000737924012, 1.00000048, 0.999851942, -0.0172098614, 1.52736902e-06),C1 = CFrame.new(0.655831456, 0.501588821, -0.0368974209, 0.0172098875, 0.999853492, -1.80598714e-09, -7.30156898e-07, 1.19907781e-08, 1.00000083, 0.999851942, -0.0172098596, 1.4975667e-06),})
Part = New("Part",m,"Part",{Material = Enum.Material.SmoothPlastic,BrickColor = BrickColor.new("Really black"),Shape = Enum.PartType.Cylinder,Size = Vector3.new(0.200000003, 0.270688266, 0.270688266),CFrame = CFrame.new(3.47537327, 1.11045444, -23.2953625, 0.0172099359, 1.26359728e-05, 0.999851942, 0.999856234, 0.000738034665, -0.0172098596, -0.000738148578, 1.00000226, 2.36918868e-06),CanCollide = false,BackSurface = Enum.SurfaceType.SmoothNoOutlines,BottomSurface = Enum.SurfaceType.SmoothNoOutlines,FrontSurface = Enum.SurfaceType.SmoothNoOutlines,LeftSurface = Enum.SurfaceType.SmoothNoOutlines,RightSurface = Enum.SurfaceType.SmoothNoOutlines,TopSurface = Enum.SurfaceType.SmoothNoOutlines,})
Mesh = New("SpecialMesh",Part,"Mesh",{Scale = Vector3.new(0.123040125, 1, 1),MeshType = Enum.MeshType.Cylinder,})
mot = New("Weld",Part,"mot",{Part0 = Part,Part1 = Handle,C0 = CFrame.new(0, 0, 0, 0.0172098819, 0.999853015, -0.00073814491, 1.18687749e-05, 0.000738047936, 1.0000006, 0.999851882, -0.0172098596, 1.60187483e-06),C1 = CFrame.new(-0.783906102, 0.305831909, 1.74045563e-05, 0.0172098875, 0.999853492, -1.80598714e-09, -7.30156898e-07, 1.19907781e-08, 1.00000083, 0.999851942, -0.0172098596, 1.4975667e-06),})
Part = New("Part",m,"Part",{Material = Enum.Material.SmoothPlastic,BrickColor = BrickColor.new("Really black"),Size = Vector3.new(1.47648132, 0.221472263, 0.344512314),CFrame = CFrame.new(3.48828244, 1.86040294, -23.3093491, 0.0172099452, 3.70001203e-08, 0.999852061, 0.99985671, -3.59708352e-09, -0.0172098596, -4.18887769e-09, 1.0000025, 2.26488032e-06),BackSurface = Enum.SurfaceType.SmoothNoOutlines,BottomSurface = Enum.SurfaceType.SmoothNoOutlines,FrontSurface = Enum.SurfaceType.SmoothNoOutlines,LeftSurface = Enum.SurfaceType.SmoothNoOutlines,RightSurface = Enum.SurfaceType.SmoothNoOutlines,TopSurface = Enum.SurfaceType.SmoothNoOutlines,})
Mesh = New("BlockMesh",Part,"Mesh",{Scale = Vector3.new(1, 1.00999999, 1),})
mot = New("Weld",Part,"mot",{Part0 = Part,Part1 = Handle,C0 = CFrame.new(0, 0, 0, 0.0172098875, 0.999853492, -1.80598714e-09, -7.30156898e-07, 1.19907781e-08, 1.00000083, 0.999851942, -0.0172098596, 1.4975667e-06),C1 = CFrame.new(-0.0338476896, 0.291845322, 1.8119812e-05, 0.0172098875, 0.999853492, -1.80598714e-09, -7.30156898e-07, 1.19907781e-08, 1.00000083, 0.999851942, -0.0172098596, 1.4975667e-06),})
Part = New("Part",m,"Part",{Material = Enum.Material.SmoothPlastic,BrickColor = BrickColor.new("Really black"),Size = Vector3.new(0.98432076, 0.200000003, 0.24608022),CFrame = CFrame.new(3.48404813, 1.61474013, -23.4433804, 0.0172099359, 1.26359728e-05, 0.999851942, 0.999856234, 0.000738034665, -0.0172098596, -0.000738148578, 1.00000226, 2.36918868e-06),CanCollide = false,BackSurface = Enum.SurfaceType.SmoothNoOutlines,BottomSurface = Enum.SurfaceType.SmoothNoOutlines,FrontSurface = Enum.SurfaceType.SmoothNoOutlines,LeftSurface = Enum.SurfaceType.SmoothNoOutlines,RightSurface = Enum.SurfaceType.SmoothNoOutlines,TopSurface = Enum.SurfaceType.SmoothNoOutlines,})
Mesh = New("BlockMesh",Part,"Mesh",{Scale = Vector3.new(1, 0.246080264, 1),})
mot = New("Weld",Part,"mot",{Part0 = Part,Part1 = Handle,C0 = CFrame.new(0, 0, 0, 0.0172098819, 0.999853015, -0.00073814491, 1.18687749e-05, 0.000738047936, 1.0000006, 0.999851882, -0.0172098596, 1.60187483e-06),C1 = CFrame.new(-0.279546618, 0.157814026, 1.21593475e-05, 0.0172098875, 0.999853492, -1.80598714e-09, -7.30156898e-07, 1.19907781e-08, 1.00000083, 0.999851942, -0.0172098596, 1.4975667e-06),})
Part = New("Part",m,"Part",{Material = Enum.Material.SmoothPlastic,BrickColor = BrickColor.new("Really black"),Shape = Enum.PartType.Cylinder,Size = Vector3.new(0.984321058, 0.200000003, 0.200000003),CFrame = CFrame.new(3.36101127, 1.61687815, -23.4187717, 0.0172099359, 1.26359728e-05, 0.999851942, 0.999856234, 0.000738034665, -0.0172098596, -0.000738148578, 1.00000226, 2.36918868e-06),CanCollide = false,BackSurface = Enum.SurfaceType.SmoothNoOutlines,BottomSurface = Enum.SurfaceType.SmoothNoOutlines,FrontSurface = Enum.SurfaceType.SmoothNoOutlines,LeftSurface = Enum.SurfaceType.SmoothNoOutlines,RightSurface = Enum.SurfaceType.SmoothNoOutlines,TopSurface = Enum.SurfaceType.SmoothNoOutlines,})
Mesh = New("SpecialMesh",Part,"Mesh",{Scale = Vector3.new(1, 0.492160618, 0.492160439),MeshType = Enum.MeshType.Cylinder,})
mot = New("Weld",Part,"mot",{Part0 = Part,Part1 = Handle,C0 = CFrame.new(0, 0, 0, 0.0172098819, 0.999853015, -0.00073814491, 1.18687749e-05, 0.000738047936, 1.0000006, 0.999851882, -0.0172098596, 1.60187483e-06),C1 = CFrame.new(-0.279526353, 0.182422638, -0.123043299, 0.0172098875, 0.999853492, -1.80598714e-09, -7.30156898e-07, 1.19907781e-08, 1.00000083, 0.999851942, -0.0172098596, 1.4975667e-06),})

Part = New("Part",m,"Part",{Material = Enum.Material.SmoothPlastic,BrickColor = BrickColor.new("Really black"),Size = Vector3.new(0.200000003, 0.200000003, 0.200000003),CFrame = CFrame.new(3.53706741, 2.54934502, -23.0996056, 0.0172099378, 1.26508749e-05, 0.999852061, 0.999856234, 0.000737910799, -0.0172098614, -0.000738026109, 1.00000215, 2.29468287e-06),CanCollide = false,BackSurface = Enum.SurfaceType.SmoothNoOutlines,BottomSurface = Enum.SurfaceType.SmoothNoOutlines,FrontSurface = Enum.SurfaceType.SmoothNoOutlines,LeftSurface = Enum.SurfaceType.SmoothNoOutlines,RightSurface = Enum.SurfaceType.SmoothNoOutlines,TopSurface = Enum.SurfaceType.SmoothNoOutlines,})
Mesh = New("BlockMesh",Part,"Mesh",{Scale = Vector3.new(0.492160469, 0.246080235, 0.123040132),})
mot = New("Weld",Part,"mot",{Part0 = Part,Part1 = Handle,C0 = CFrame.new(0, 0, 0, 0.0172098838, 0.999853015, -0.000738022442, 1.18836761e-05, 0.000737924012, 1.00000048, 0.999851942, -0.0172098614, 1.52736902e-06),C1 = CFrame.new(0.655830979, 0.501588821, 0.0369393826, 0.0172098875, 0.999853492, -1.80598714e-09, -7.30156898e-07, 1.19907781e-08, 1.00000083, 0.999851942, -0.0172098596, 1.4975667e-06),})
Part = New("Part",m,"Part",{Material = Enum.Material.SmoothPlastic,BrickColor = BrickColor.new("Really black"),Size = Vector3.new(1.47648132, 0.200000003, 0.200000003),CFrame = CFrame.new(3.48828554, 1.86097884, -23.1606178, 0.0172099359, 1.26359728e-05, 0.999851942, 0.999856234, 0.000738034665, -0.0172098596, -0.000738148578, 1.00000226, 2.36918868e-06),CanCollide = false,BackSurface = Enum.SurfaceType.SmoothNoOutlines,BottomSurface = Enum.SurfaceType.SmoothNoOutlines,FrontSurface = Enum.SurfaceType.SmoothNoOutlines,LeftSurface = Enum.SurfaceType.SmoothNoOutlines,RightSurface = Enum.SurfaceType.SmoothNoOutlines,TopSurface = Enum.SurfaceType.SmoothNoOutlines,})
Mesh = New("BlockMesh",Part,"Mesh",{Scale = Vector3.new(1, 0.369120389, 0.7382406),})
mot = New("Weld",Part,"mot",{Part0 = Part,Part1 = Handle,C0 = CFrame.new(0, 0, 0, 0.0172098819, 0.999853015, -0.00073814491, 1.18687749e-05, 0.000738047936, 1.0000006, 0.999851882, -0.0172098596, 1.60187483e-06),C1 = CFrame.new(-0.0332717896, 0.440576553, 1.14440918e-05, 0.0172098875, 0.999853492, -1.80598714e-09, -7.30156898e-07, 1.19907781e-08, 1.00000083, 0.999851942, -0.0172098596, 1.4975667e-06),})
Partss = New("Part",m,"Part",{BrickColor = BrickColor.new("Really black"),Material = Enum.Material.Neon,Shape = Enum.PartType.Cylinder,Size = Vector3.new(0.200000003, 0.221472204, 0.221472189),CFrame = CFrame.new(3.47526526, 1.10428262, -23.2953568, 0.0172099359, 1.26359728e-05, 0.999851942, 0.999856234, 0.000738034665, -0.0172098596, -0.000738148578, 1.00000226, 2.36918868e-06),CanCollide = false,BackSurface = Enum.SurfaceType.SmoothNoOutlines,BottomSurface = Enum.SurfaceType.SmoothNoOutlines,FrontSurface = Enum.SurfaceType.SmoothNoOutlines,LeftSurface = Enum.SurfaceType.SmoothNoOutlines,RightSurface = Enum.SurfaceType.SmoothNoOutlines,TopSurface = Enum.SurfaceType.SmoothNoOutlines,Color = Color3.new(0.105882, 0.164706, 0.207843),})
Mesh = New("SpecialMesh",Partss,"Mesh",{Scale = Vector3.new(0.123040125, 1, 1),MeshType = Enum.MeshType.Cylinder,})
mot = New("Weld",Partss,"mot",{Part0 = Partss,Part1 = Handle,C0 = CFrame.new(0, 0, 0, 0.0172098819, 0.999853015, -0.00073814491, 1.18687749e-05, 0.000738047936, 1.0000006, 0.999851882, -0.0172098596, 1.60187483e-06),C1 = CFrame.new(-0.790078878, 0.305837631, 1.57356262e-05, 0.0172098875, 0.999853492, -1.80598714e-09, -7.30156898e-07, 1.19907781e-08, 1.00000083, 0.999851942, -0.0172098596, 1.4975667e-06),})
Part = New("Part",m,"Part",{Material = Enum.Material.SmoothPlastic,BrickColor = BrickColor.new("Really black"),Size = Vector3.new(0.200000003, 0.200000003, 0.200000003),CFrame = CFrame.new(3.49040294, 1.9837563, -23.5174713, 0.0172099359, 1.26359728e-05, 0.999851942, 0.999856234, 0.000738034665, -0.0172098596, -0.000738148578, 1.00000226, 2.36918868e-06),CanCollide = false,BackSurface = Enum.SurfaceType.SmoothNoOutlines,BottomSurface = Enum.SurfaceType.SmoothNoOutlines,FrontSurface = Enum.SurfaceType.SmoothNoOutlines,LeftSurface = Enum.SurfaceType.SmoothNoOutlines,RightSurface = Enum.SurfaceType.SmoothNoOutlines,TopSurface = Enum.SurfaceType.SmoothNoOutlines,})
Mesh = New("SpecialMesh",Part,"Mesh",{Scale = Vector3.new(0.615200579, 0.36912033, 0.24608025),MeshId = "rbxassetid://3270017",MeshType = Enum.MeshType.FileMesh,})
mot = New("Weld",Part,"mot",{Part0 = Part,Part1 = Handle,C0 = CFrame.new(0, 0, 0, 0.0172098819, 0.999853015, -0.00073814491, 1.18687749e-05, 0.000738047936, 1.0000006, 0.999851882, -0.0172098596, 1.60187483e-06),C1 = CFrame.new(0.0895236731, 0.0837230682, 1.52587891e-05, 0.0172098875, 0.999853492, -1.80598714e-09, -7.30156898e-07, 1.19907781e-08, 1.00000083, 0.999851942, -0.0172098596, 1.4975667e-06),})
Part = New("Part",m,"Part",{BrickColor = BrickColor.new("Really black"),Material = Enum.Material.Neon,Size = Vector3.new(0.295296252, 0.738240778, 0.369120389),CFrame = CFrame.new(3.49802279, 2.42631888, -23.8138046, 0.0172099452, 3.70001203e-08, 0.999852061, 0.99985671, -3.59708352e-09, -0.0172098596, -4.18887769e-09, 1.0000025, 2.26488032e-06),BackSurface = Enum.SurfaceType.SmoothNoOutlines,BottomSurface = Enum.SurfaceType.SmoothNoOutlines,FrontSurface = Enum.SurfaceType.SmoothNoOutlines,LeftSurface = Enum.SurfaceType.SmoothNoOutlines,RightSurface = Enum.SurfaceType.SmoothNoOutlines,TopSurface = Enum.SurfaceType.SmoothNoOutlines,Color = Color3.new(0.105882, 0.164706, 0.207843),})
mot = New("Weld",Part,"mot",{Part0 = Part,Part1 = Handle,C0 = CFrame.new(0, 0, 0, 0.0172098875, 0.999853492, -1.80598714e-09, -7.30156898e-07, 1.19907781e-08, 1.00000083, 0.999851942, -0.0172098596, 1.4975667e-06),C1 = CFrame.new(0.532151103, -0.212610245, 1.74045563e-05, 0.0172098875, 0.999853492, -1.80598714e-09, -7.30156898e-07, 1.19907781e-08, 1.00000083, 0.999851942, -0.0172098596, 1.4975667e-06),})
Part = New("Part",m,"Part",{Material = Enum.Material.SmoothPlastic,BrickColor = BrickColor.new("Really black"),Size = Vector3.new(0.344512314, 0.78745681, 0.344512314),CFrame = CFrame.new(3.49802279, 2.42631888, -23.8138046, 0.0172099452, 3.70001203e-08, 0.999852061, 0.99985671, -3.59708352e-09, -0.0172098596, -4.18887769e-09, 1.0000025, 2.26488032e-06),BackSurface = Enum.SurfaceType.SmoothNoOutlines,BottomSurface = Enum.SurfaceType.SmoothNoOutlines,FrontSurface = Enum.SurfaceType.SmoothNoOutlines,LeftSurface = Enum.SurfaceType.SmoothNoOutlines,RightSurface = Enum.SurfaceType.SmoothNoOutlines,TopSurface = Enum.SurfaceType.SmoothNoOutlines,})
mot = New("Weld",Part,"mot",{Part0 = Part,Part1 = Handle,C0 = CFrame.new(0, 0, 0, 0.0172098875, 0.999853492, -1.80598714e-09, -7.30156898e-07, 1.19907781e-08, 1.00000083, 0.999851942, -0.0172098596, 1.4975667e-06),C1 = CFrame.new(0.532151103, -0.212610245, 1.74045563e-05, 0.0172098875, 0.999853492, -1.80598714e-09, -7.30156898e-07, 1.19907781e-08, 1.00000083, 0.999851942, -0.0172098596, 1.4975667e-06),})
Part = New("Part",m,"Part",{Material = Enum.Material.SmoothPlastic,BrickColor = BrickColor.new("Really black"),Shape = Enum.PartType.Cylinder,Size = Vector3.new(0.984321058, 0.200000003, 0.200000003),CFrame = CFrame.new(3.60706425, 1.61264217, -23.4187698, 0.0172099359, 1.26359728e-05, 0.999851942, 0.999856234, 0.000738034665, -0.0172098596, -0.000738148578, 1.00000226, 2.36918868e-06),CanCollide = false,BackSurface = Enum.SurfaceType.SmoothNoOutlines,BottomSurface = Enum.SurfaceType.SmoothNoOutlines,FrontSurface = Enum.SurfaceType.SmoothNoOutlines,LeftSurface = Enum.SurfaceType.SmoothNoOutlines,RightSurface = Enum.SurfaceType.SmoothNoOutlines,TopSurface = Enum.SurfaceType.SmoothNoOutlines,})
Mesh = New("SpecialMesh",Part,"Mesh",{Scale = Vector3.new(1, 0.492160618, 0.492160439),MeshType = Enum.MeshType.Cylinder,})
mot = New("Weld",Part,"mot",{Part0 = Part,Part1 = Handle,C0 = CFrame.new(0, 0, 0, 0.0172098819, 0.999853015, -0.00073814491, 1.18687749e-05, 0.000738047936, 1.0000006, 0.999851882, -0.0172098596, 1.60187483e-06),C1 = CFrame.new(-0.279527187, 0.182424545, 0.12304616, 0.0172098875, 0.999853492, -1.80598714e-09, -7.30156898e-07, 1.19907781e-08, 1.00000083, 0.999851942, -0.0172098596, 1.4975667e-06),})
Wedge = New("WedgePart",m,"Wedge",{Material = Enum.Material.SmoothPlastic,BrickColor = BrickColor.new("Really black"),Size = Vector3.new(0.200000003, 0.200000003, 0.200000003),CFrame = CFrame.new(3.47672749, 1.18911982, -23.1232109, 0.999851942, 0.00638213893, 0.0159827713, -0.0172098316, 0.37065956, 0.928613782, 4.44045327e-06, -0.928749561, 0.370713741),CanCollide = false,BackSurface = Enum.SurfaceType.SmoothNoOutlines,BottomSurface = Enum.SurfaceType.SmoothNoOutlines,FrontSurface = Enum.SurfaceType.SmoothNoOutlines,LeftSurface = Enum.SurfaceType.SmoothNoOutlines,RightSurface = Enum.SurfaceType.SmoothNoOutlines,TopSurface = Enum.SurfaceType.SmoothNoOutlines,})
Mesh = New("SpecialMesh",Wedge,"Mesh",{Scale = Vector3.new(0.24608025, 0.246080264, 0.615200639),MeshType = Enum.MeshType.Wedge,})
mot = New("Weld",Wedge,"mot",{Part0 = Wedge,Part1 = Handle,C0 = CFrame.new(0, 0, 0, 0.999851882, -0.0172098316, 3.67313623e-06, 0.00638283044, 0.370658338, -0.928748012, 0.0159824342, 0.928610861, 0.370713145),C1 = CFrame.new(-0.705229163, 0.477983475, 1.76429749e-05, 0.0172098875, 0.999853492, -1.80598714e-09, -7.30156898e-07, 1.19907781e-08, 1.00000083, 0.999851942, -0.0172098596, 1.4975667e-06),})
Wedge = New("WedgePart",m,"Wedge",{Material = Enum.Material.SmoothPlastic,BrickColor = BrickColor.new("Really black"),Size = Vector3.new(0.344512254, 0.787456751, 0.200000003),CFrame = CFrame.new(3.50247502, 2.68478155, -23.8132839, 0.999851942, 1.0713723e-05, -0.0172099732, -0.0172098912, 0.000738376984, -0.999856234, 4.21693585e-06, 1.00000226, 0.000738456321),CanCollide = false,BackSurface = Enum.SurfaceType.SmoothNoOutlines,BottomSurface = Enum.SurfaceType.SmoothNoOutlines,FrontSurface = Enum.SurfaceType.SmoothNoOutlines,LeftSurface = Enum.SurfaceType.SmoothNoOutlines,RightSurface = Enum.SurfaceType.SmoothNoOutlines,TopSurface = Enum.SurfaceType.SmoothNoOutlines,})
Mesh = New("SpecialMesh",Wedge,"Mesh",{Scale = Vector3.new(1, 1, 0.861280859),MeshType = Enum.MeshType.Wedge,})
mot = New("Weld",Wedge,"mot",{Part0 = Wedge,Part1 = Handle,C0 = CFrame.new(0, 0, 0, 0.999851882, -0.0172098912, 3.44961882e-06, 9.9465251e-06, 0.000738390256, 1.0000006, -0.0172099192, -0.999853015, 0.000738452654),C1 = CFrame.new(0.790651679, -0.212089539, 2.07424164e-05, 0.0172098875, 0.999853492, -1.80598714e-09, -7.30156898e-07, 1.19907781e-08, 1.00000083, 0.999851942, -0.0172098596, 1.4975667e-06),})
Wedge = New("WedgePart",m,"Wedge",{Material = Enum.Material.SmoothPlastic,BrickColor = BrickColor.new("Really black"),Size = Vector3.new(0.200000003, 0.200000003, 0.200000003),CFrame = CFrame.new(3.4904809, 1.98827124, -23.5162678, -0.999852061, -0.0148990965, 0.00861407723, 0.0172099397, -0.865535975, 0.500560343, -4.36594746e-06, 0.500633478, 0.865662456),CanCollide = false,BackSurface = Enum.SurfaceType.SmoothNoOutlines,BottomSurface = Enum.SurfaceType.SmoothNoOutlines,FrontSurface = Enum.SurfaceType.SmoothNoOutlines,LeftSurface = Enum.SurfaceType.SmoothNoOutlines,RightSurface = Enum.SurfaceType.SmoothNoOutlines,TopSurface = Enum.SurfaceType.SmoothNoOutlines,})
Mesh = New("SpecialMesh",Wedge,"Mesh",{Scale = Vector3.new(0.24608025, 0.369120389, 0.861280918),MeshType = Enum.MeshType.Wedge,})
mot = New("Weld",Wedge,"mot",{Part0 = Wedge,Part1 = Handle,C0 = CFrame.new(0, 0, 0, -0.999851942, 0.0172099397, -3.59863043e-06, -0.0148994327, -0.865533173, 0.500632644, 0.00861338526, 0.500558794, 0.865661025),C1 = CFrame.new(0.0940393209, 0.0849266052, 1.54972076e-05, 0.0172098875, 0.999853492, -1.80598714e-09, -7.30156898e-07, 1.19907781e-08, 1.00000083, 0.999851942, -0.0172098596, 1.4975667e-06),})
Wedge = New("WedgePart",m,"Wedge",{Material = Enum.Material.SmoothPlastic,BrickColor = BrickColor.new("Really black"),Size = Vector3.new(0.442944348, 0.200000003, 0.200000003),CFrame = CFrame.new(3.37415838, 2.37982368, -23.1609974, 0.0172098633, 1.48413446e-05, 0.999851882, 0.999856234, 0.0007376945, -0.0172097869, -0.000737846654, 1.00000215, 7.44058752e-08),CanCollide = false,BackSurface = Enum.SurfaceType.SmoothNoOutlines,BottomSurface = Enum.SurfaceType.SmoothNoOutlines,FrontSurface = Enum.SurfaceType.SmoothNoOutlines,LeftSurface = Enum.SurfaceType.SmoothNoOutlines,RightSurface = Enum.SurfaceType.SmoothNoOutlines,TopSurface = Enum.SurfaceType.SmoothNoOutlines,})
Mesh = New("SpecialMesh",Wedge,"Mesh",{Scale = Vector3.new(1, 0.369120389, 0.492160529),MeshType = Enum.MeshType.Wedge,})
mot = New("Weld",Wedge,"mot",{Part0 = Wedge,Part1 = Handle,C0 = CFrame.new(0, 0, 0, 0.0172098093, 0.999853015, -0.000737842987, 1.40741467e-05, 0.000737707771, 1.00000048, 0.999851823, -0.0172097888, -6.92903996e-07),C1 = CFrame.new(0.483531356, 0.440196991, -0.12302804, 0.0172098875, 0.999853492, -1.80598714e-09, -7.30156898e-07, 1.19907781e-08, 1.00000083, 0.999851942, -0.0172098596, 1.4975667e-06),})
Wedge = New("WedgePart",m,"Wedge",{Material = Enum.Material.SmoothPlastic,BrickColor = BrickColor.new("Really black"),Size = Vector3.new(0.61520052, 0.200000003, 0.200000003),CFrame = CFrame.new(3.35783243, 1.43252242, -23.1602993, 0.0172098633, 1.48413446e-05, 0.999851882, 0.999856234, 0.0007376945, -0.0172097869, -0.000737846654, 1.00000215, 7.44058752e-08),CanCollide = false,BackSurface = Enum.SurfaceType.SmoothNoOutlines,BottomSurface = Enum.SurfaceType.SmoothNoOutlines,FrontSurface = Enum.SurfaceType.SmoothNoOutlines,LeftSurface = Enum.SurfaceType.SmoothNoOutlines,RightSurface = Enum.SurfaceType.SmoothNoOutlines,TopSurface = Enum.SurfaceType.SmoothNoOutlines,})
Mesh = New("SpecialMesh",Wedge,"Mesh",{Scale = Vector3.new(1, 0.369120389, 0.492160529),MeshType = Enum.MeshType.Wedge,})
mot = New("Weld",Wedge,"mot",{Part0 = Wedge,Part1 = Handle,C0 = CFrame.new(0, 0, 0, 0.0172098093, 0.999853015, -0.000737842987, 1.40741467e-05, 0.000737707771, 1.00000048, 0.999851823, -0.0172097888, -6.92903996e-07),C1 = CFrame.new(-0.463909149, 0.440895081, -0.123048544, 0.0172098875, 0.999853492, -1.80598714e-09, -7.30156898e-07, 1.19907781e-08, 1.00000083, 0.999851942, -0.0172098596, 1.4975667e-06),})
Wedge = New("WedgePart",m,"Wedge",{Material = Enum.Material.SmoothPlastic,BrickColor = BrickColor.new("Really black"),Size = Vector3.new(1.47648132, 0.200000003, 0.200000003),CFrame = CFrame.new(3.61130548, 1.85886192, -23.160614, -0.0172098689, 1.04156998e-05, -0.99985218, -0.999856234, 0.000738191127, 0.0172097925, 0.000738266157, 1.00000238, -4.55221243e-06),CanCollide = false,BackSurface = Enum.SurfaceType.SmoothNoOutlines,BottomSurface = Enum.SurfaceType.SmoothNoOutlines,FrontSurface = Enum.SurfaceType.SmoothNoOutlines,LeftSurface = Enum.SurfaceType.SmoothNoOutlines,RightSurface = Enum.SurfaceType.SmoothNoOutlines,TopSurface = Enum.SurfaceType.SmoothNoOutlines,})
Mesh = New("SpecialMesh",Wedge,"Mesh",{Scale = Vector3.new(1, 0.369120389, 0.492160529),MeshType = Enum.MeshType.Wedge,})
mot = New("Weld",Wedge,"mot",{Part0 = Wedge,Part1 = Handle,C0 = CFrame.new(0, 0, 0, -0.0172098149, -0.999853075, 0.00073826249, 9.64850187e-06, 0.00073820434, 1.00000072, -0.999852121, 0.0172097944, -3.78489494e-06),C1 = CFrame.new(-0.0332713127, 0.440580368, 0.123049498, 0.0172098875, 0.999853492, -1.80598714e-09, -7.30156898e-07, 1.19907781e-08, 1.00000083, 0.999851942, -0.0172098596, 1.4975667e-06),})
Wedge = New("WedgePart",m,"Wedge",{BrickColor = BrickColor.new("Really black"),Material = Enum.Material.Neon,Size = Vector3.new(0.36912033, 0.738240778, 0.200000003),CFrame = CFrame.new(3.50183868, 2.64789343, -23.8132629, 0.999851942, 1.0818032e-05, -0.017209895, -0.0172098186, 0.000737608876, -0.999856234, 4.13497901e-06, 1.00000238, 0.000737691764),CanCollide = false,BackSurface = Enum.SurfaceType.SmoothNoOutlines,BottomSurface = Enum.SurfaceType.SmoothNoOutlines,FrontSurface = Enum.SurfaceType.SmoothNoOutlines,LeftSurface = Enum.SurfaceType.SmoothNoOutlines,RightSurface = Enum.SurfaceType.SmoothNoOutlines,TopSurface = Enum.SurfaceType.SmoothNoOutlines,Color = Color3.new(0.105882, 0.164706, 0.207843),})
Mesh = New("SpecialMesh",Wedge,"Mesh",{Scale = Vector3.new(1, 1, 0.738240719),MeshType = Enum.MeshType.Wedge,})
mot = New("Weld",Wedge,"mot",{Part0 = Wedge,Part1 = Handle,C0 = CFrame.new(0, 0, 0, 0.999851882, -0.0172098186, 3.36766243e-06, 1.00508332e-05, 0.000737622147, 1.00000072, -0.0172098409, -0.999853015, 0.000737688097),C1 = CFrame.new(0.753758311, -0.212068558, 1.93119049e-05, 0.0172098875, 0.999853492, -1.80598714e-09, -7.30156898e-07, 1.19907781e-08, 1.00000083, 0.999851942, -0.0172098596, 1.4975667e-06),})
Wedge = New("WedgePart",m,"Wedge",{Material = Enum.Material.SmoothPlastic,BrickColor = BrickColor.new("Really black"),Size = Vector3.new(0.344512254, 0.787456751, 0.200000003),CFrame = CFrame.new(3.49357963, 2.16808391, -23.8129005, 0.999852061, -1.05647114e-05, 0.0172100067, -0.0172099303, -0.000737611321, 0.999856114, 4.36594746e-06, -1.00000226, -0.000737689785),CanCollide = false,BackSurface = Enum.SurfaceType.SmoothNoOutlines,BottomSurface = Enum.SurfaceType.SmoothNoOutlines,FrontSurface = Enum.SurfaceType.SmoothNoOutlines,LeftSurface = Enum.SurfaceType.SmoothNoOutlines,RightSurface = Enum.SurfaceType.SmoothNoOutlines,TopSurface = Enum.SurfaceType.SmoothNoOutlines,})
Mesh = New("SpecialMesh",Wedge,"Mesh",{Scale = Vector3.new(1, 1, 0.861280859),MeshType = Enum.MeshType.Wedge,})
mot = New("Weld",Wedge,"mot",{Part0 = Wedge,Part1 = Handle,C0 = CFrame.new(0, 0, 0, 0.999851942, -0.0172099303, 3.59863043e-06, -9.79751348e-06, -0.000737624592, -1.0000006, 0.0172099527, 0.999852955, -0.000737686118),C1 = CFrame.new(0.273878455, -0.211706161, 1.90734863e-05, 0.0172098875, 0.999853492, -1.80598714e-09, -7.30156898e-07, 1.19907781e-08, 1.00000083, 0.999851942, -0.0172098596, 1.4975667e-06),})
Wedge = New("WedgePart",m,"Wedge",{BrickColor = BrickColor.new("Really black"),Material = Enum.Material.Neon,Size = Vector3.new(0.36912033, 0.738240659, 0.200000003),CFrame = CFrame.new(3.49420977, 2.20497489, -23.8129292, 0.999852061, -1.05647114e-05, 0.0172100067, -0.0172099303, -0.000737611321, 0.999856114, 4.36594746e-06, -1.00000226, -0.000737689785),CanCollide = false,BackSurface = Enum.SurfaceType.SmoothNoOutlines,BottomSurface = Enum.SurfaceType.SmoothNoOutlines,FrontSurface = Enum.SurfaceType.SmoothNoOutlines,LeftSurface = Enum.SurfaceType.SmoothNoOutlines,RightSurface = Enum.SurfaceType.SmoothNoOutlines,TopSurface = Enum.SurfaceType.SmoothNoOutlines,Color = Color3.new(0.105882, 0.164706, 0.207843),})
Mesh = New("SpecialMesh",Wedge,"Mesh",{Scale = Vector3.new(1, 1, 0.738240719),MeshType = Enum.MeshType.Wedge,})
mot = New("Weld",Wedge,"mot",{Part0 = Wedge,Part1 = Handle,C0 = CFrame.new(0, 0, 0, 0.999851942, -0.0172099303, 3.59863043e-06, -9.79751348e-06, -0.000737624592, -1.0000006, 0.0172099527, 0.999852955, -0.000737686118),C1 = CFrame.new(0.310774684, -0.211734772, 1.43051147e-05, 0.0172098875, 0.999853492, -1.80598714e-09, -7.30156898e-07, 1.19907781e-08, 1.00000083, 0.999851942, -0.0172098596, 1.4975667e-06),})

Knifu = New("Model",chara,"TheKnife",{})
Handle = New("Part",Knifu,"Handle",{BrickColor = BrickColor.new("Really black"),Material = Enum.Material.SmoothPlastic,Size = Vector3.new(0.200000003, 0.600000024, 0.400000006),CFrame = CFrame.new(44.9000015, 1.0999999, 22.2000008, 1, 0, 0, 0, 1, 0, 0, 0, 1),BackSurface = Enum.SurfaceType.SmoothNoOutlines,BottomSurface = Enum.SurfaceType.SmoothNoOutlines,FrontSurface = Enum.SurfaceType.SmoothNoOutlines,LeftSurface = Enum.SurfaceType.SmoothNoOutlines,RightSurface = Enum.SurfaceType.SmoothNoOutlines,TopSurface = Enum.SurfaceType.SmoothNoOutlines,Color = Color3.new(0.0666667, 0.0666667, 0.0666667),})
KWeld = New("ManualWeld",Handle,"Weld",{Part0 = Handle,Part1 = chara["Left Arm"],C0 = CFrame.new(0, 0, 0, -1, 0, 0, 0, 0, 1, 0, 1, 0),C1 = CFrame.new(0, -1.00000644, 0.100002289, 1, 0, 0, 0, 1, 0, 0, 0, 1),})
Mesh = New("CylinderMesh",Handle,"Mesh",{})
Part = New("Part",Knifu,"Part",{BrickColor = BrickColor.new("Really black"),Material = Enum.Material.SmoothPlastic,Reflectance = 0.20000000298023,Size = Vector3.new(0.200000003, 0.200000003, 0.200000003),CFrame = CFrame.new(44.9000015, 1.89999986, 22.3000031, -1, 0, 0, 0, 1, 0, 0, 0, -1),BackSurface = Enum.SurfaceType.SmoothNoOutlines,BottomSurface = Enum.SurfaceType.SmoothNoOutlines,FrontSurface = Enum.SurfaceType.SmoothNoOutlines,LeftSurface = Enum.SurfaceType.SmoothNoOutlines,RightSurface = Enum.SurfaceType.SmoothNoOutlines,TopSurface = Enum.SurfaceType.SmoothNoOutlines,Color = Color3.new(0.0666667, 0.0666667, 0.0666667),})

Mesh = New("SpecialMesh",Part,"Mesh",{Offset = Vector3.new(0, -0.0500000007, -0.0500000007),Scale = Vector3.new(0.400000006, 0.5, 0.5),MeshType = Enum.MeshType.Wedge,})
Weld = New("ManualWeld",Part,"Weld",{Part0 = Part,Part1 = Handle,C0 = CFrame.new(0, 0, 0, -1, 0, 0, 0, 1, 0, 0, 0, -1),C1 = CFrame.new(0, 0.799999952, 0.100002289, 1, 0, 0, 0, 1, 0, 0, 0, 1),})
